batch_size: 170
dropout: 0.0007222081125069363
fc_layers: 7
learning_rate: 2.7477612638326935e-05
optimizer_name: Adam
