batch_size: 850
dropout: 0.19957362442904492
edge_threshold: 0.6870663022472054
learning_rate: 0.0061543071358829676
optimizer_name: SGD
