batch_size: 170
dropout: 0.5117656632948554
edge_threshold: 0.8469389755689003
learning_rate: 0.05226985101691108
optimizer_name: Adam
