{
 "cells": [
  {
   "cell_type": "markdown",
   "metadata": {},
   "source": [
    "# AIM: extract functional connectivity features"
   ]
  },
  {
   "cell_type": "markdown",
   "metadata": {},
   "source": [
    "Most of the code has been taken from a notebook provided by Federico Zamberlan, but has been adjusted for the TDBRAIN data, and grouping among channels\n",
    "\n",
    "1. load preprocessed EEG data\n",
    "2. obtain synchrony between channels per freq band, with phases obtained with Hilbert transform\n",
    "3. aggregate synchrony between channels to channel groups per freq band\n",
    "4. store as .pkl file"
   ]
  },
  {
   "cell_type": "code",
   "execution_count": 1,
   "metadata": {
    "metadata": {}
   },
   "outputs": [],
   "source": [
    "import numpy as np\n",
    "import pandas as pd\n",
    "import os\n",
    "import mne\n",
    "from mne.datasets import fetch_fsaverage\n",
    "from mne.minimum_norm import make_inverse_operator\n",
    "from mne.minimum_norm import apply_inverse_epochs\n",
    "\n",
    "from mne.filter import filter_data\n",
    "from scipy.signal import hilbert\n",
    "\n",
    "from tqdm import tqdm\n",
    "\n",
    "from itertools import combinations as combs_without\n",
    "from itertools import combinations_with_replacement as combs_with\n",
    "\n",
    "import warnings\n",
    "warnings.filterwarnings(\"ignore\", category=RuntimeWarning)\n",
    "\n",
    "# prevent extensive logging\n",
    "mne.set_log_level('WARNING')"
   ]
  },
  {
   "cell_type": "code",
   "execution_count": 2,
   "metadata": {
    "metadata": {}
   },
   "outputs": [],
   "source": [
    "import pickle\n",
    "\n",
    "def save_file(data, folder, file):\n",
    "    with open(folder+file+\".pkl\", 'wb') as handle:\n",
    "        pickle.dump(data, handle, protocol=pickle.HIGHEST_PROTOCOL)\n",
    "\n",
    "\n",
    "def load_file(file):\n",
    "    with open(file, 'rb') as handle:\n",
    "        return pickle.load(handle)"
   ]
  },
  {
   "cell_type": "code",
   "execution_count": 3,
   "metadata": {
    "metadata": {}
   },
   "outputs": [
    {
     "name": "stdout",
     "output_type": "stream",
     "text": [
      "all participants: (714, 12)\n"
     ]
    },
    {
     "data": {
      "text/html": [
       "<div>\n",
       "<style scoped>\n",
       "    .dataframe tbody tr th:only-of-type {\n",
       "        vertical-align: middle;\n",
       "    }\n",
       "\n",
       "    .dataframe tbody tr th {\n",
       "        vertical-align: top;\n",
       "    }\n",
       "\n",
       "    .dataframe thead th {\n",
       "        text-align: right;\n",
       "    }\n",
       "</style>\n",
       "<table border=\"1\" class=\"dataframe\">\n",
       "  <thead>\n",
       "    <tr style=\"text-align: right;\">\n",
       "      <th></th>\n",
       "      <th>participants_ID</th>\n",
       "      <th>DISC/REP</th>\n",
       "      <th>indication</th>\n",
       "      <th>formal_status</th>\n",
       "      <th>Dataset</th>\n",
       "      <th>age</th>\n",
       "      <th>gender</th>\n",
       "      <th>sessID</th>\n",
       "      <th>nrSessions</th>\n",
       "      <th>EC</th>\n",
       "      <th>EO</th>\n",
       "      <th>diagnosis</th>\n",
       "    </tr>\n",
       "  </thead>\n",
       "  <tbody>\n",
       "    <tr>\n",
       "      <th>1140</th>\n",
       "      <td>sub-88063129</td>\n",
       "      <td>DISCOVERY</td>\n",
       "      <td>ADHD</td>\n",
       "      <td>UNKNOWN</td>\n",
       "      <td>NaN</td>\n",
       "      <td>16.62</td>\n",
       "      <td>0</td>\n",
       "      <td>1</td>\n",
       "      <td>1</td>\n",
       "      <td>True</td>\n",
       "      <td>True</td>\n",
       "      <td>ADHD</td>\n",
       "    </tr>\n",
       "    <tr>\n",
       "      <th>169</th>\n",
       "      <td>sub-87967781</td>\n",
       "      <td>DISCOVERY</td>\n",
       "      <td>SMC</td>\n",
       "      <td>UNKNOWN</td>\n",
       "      <td>NaN</td>\n",
       "      <td>61.51</td>\n",
       "      <td>0</td>\n",
       "      <td>1</td>\n",
       "      <td>2</td>\n",
       "      <td>True</td>\n",
       "      <td>True</td>\n",
       "      <td>SMC</td>\n",
       "    </tr>\n",
       "    <tr>\n",
       "      <th>816</th>\n",
       "      <td>sub-88037609</td>\n",
       "      <td>DISCOVERY</td>\n",
       "      <td>ADHD</td>\n",
       "      <td>UNKNOWN</td>\n",
       "      <td>NaN</td>\n",
       "      <td>45.74</td>\n",
       "      <td>0</td>\n",
       "      <td>1</td>\n",
       "      <td>1</td>\n",
       "      <td>True</td>\n",
       "      <td>True</td>\n",
       "      <td>ADHD</td>\n",
       "    </tr>\n",
       "    <tr>\n",
       "      <th>1327</th>\n",
       "      <td>sub-88077393</td>\n",
       "      <td>DISCOVERY</td>\n",
       "      <td>ADHD</td>\n",
       "      <td>UNKNOWN</td>\n",
       "      <td>NaN</td>\n",
       "      <td>14.69</td>\n",
       "      <td>1</td>\n",
       "      <td>1</td>\n",
       "      <td>1</td>\n",
       "      <td>True</td>\n",
       "      <td>True</td>\n",
       "      <td>ADHD</td>\n",
       "    </tr>\n",
       "    <tr>\n",
       "      <th>712</th>\n",
       "      <td>sub-88026593</td>\n",
       "      <td>DISCOVERY</td>\n",
       "      <td>MDD</td>\n",
       "      <td>UNKNOWN</td>\n",
       "      <td>NaN</td>\n",
       "      <td>43.71</td>\n",
       "      <td>0</td>\n",
       "      <td>1</td>\n",
       "      <td>1</td>\n",
       "      <td>True</td>\n",
       "      <td>True</td>\n",
       "      <td>MDD</td>\n",
       "    </tr>\n",
       "  </tbody>\n",
       "</table>\n",
       "</div>"
      ],
      "text/plain": [
       "     participants_ID   DISC/REP indication formal_status Dataset    age  \\\n",
       "1140    sub-88063129  DISCOVERY       ADHD       UNKNOWN     NaN  16.62   \n",
       "169     sub-87967781  DISCOVERY        SMC       UNKNOWN     NaN  61.51   \n",
       "816     sub-88037609  DISCOVERY       ADHD       UNKNOWN     NaN  45.74   \n",
       "1327    sub-88077393  DISCOVERY       ADHD       UNKNOWN     NaN  14.69   \n",
       "712     sub-88026593  DISCOVERY        MDD       UNKNOWN     NaN  43.71   \n",
       "\n",
       "      gender  sessID  nrSessions    EC    EO diagnosis  \n",
       "1140       0       1           1  True  True      ADHD  \n",
       "169        0       1           2  True  True       SMC  \n",
       "816        0       1           1  True  True      ADHD  \n",
       "1327       1       1           1  True  True      ADHD  \n",
       "712        0       1           1  True  True       MDD  "
      ]
     },
     "execution_count": 3,
     "metadata": {},
     "output_type": "execute_result"
    }
   ],
   "source": [
    "# load participant data\n",
    "df_participants = pd.read_pickle('D:\\Documents\\RU\\Master_Neurobiology\\Internship_jaar_2\\Project\\TD-BRAIN\\TDBRAIN_participants_V2_data\\df_participants.pkl')\n",
    "print(f'all participants: {df_participants.shape}')\n",
    "df_participants.sample(5)"
   ]
  },
  {
   "cell_type": "code",
   "execution_count": 4,
   "metadata": {
    "metadata": {}
   },
   "outputs": [
    {
     "name": "stdout",
     "output_type": "stream",
     "text": [
      "<Info | 8 non-empty values\n",
      " bads: []\n",
      " ch_names: Fp1, Fp2, F7, F3, Fz, F4, F8, FC3, FCz, FC4, T7, C3, Cz, C4, T8, ...\n",
      " chs: 26 EEG, 5 EOG, 1 ECG, 1 EMG\n",
      " custom_ref_applied: False\n",
      " dig: 29 items (3 Cardinal, 26 EEG)\n",
      " highpass: 0.0 Hz\n",
      " lowpass: 250.0 Hz\n",
      " meas_date: unspecified\n",
      " nchan: 33\n",
      " projs: []\n",
      " sfreq: 500.0 Hz\n",
      ">\n"
     ]
    }
   ],
   "source": [
    "## Set montage based on channel names and locations provided in Van Dijk et al., (2022) (Copied from Anne van Duijvenbode)\n",
    "\n",
    "ch_types = ['eeg', 'eeg', 'eeg', 'eeg', 'eeg', 'eeg', 'eeg', 'eeg', 'eeg', 'eeg', 'eeg', 'eeg', 'eeg', 'eeg',\\\n",
    "           'eeg', 'eeg', 'eeg', 'eeg', 'eeg', 'eeg', 'eeg', 'eeg', 'eeg', 'eeg', 'eeg', 'eeg', \\\n",
    "           'eog', 'eog', 'eog', 'eog', 'ecg', 'eog', 'emg']\n",
    "\n",
    "ch_names = ['Fp1', 'Fp2', 'F7', 'F3', 'Fz', 'F4', 'F8', 'FC3', 'FCz', 'FC4', 'T7', 'C3', 'Cz', 'C4', 'T8', 'CP3', \\\n",
    "            'CPz', 'CP4', 'P7', 'P3', 'Pz', 'P4', 'P8', 'O1', 'Oz', 'O2', 'VPVA', 'VNVB', 'HPHL', 'HNHR', 'Erbs', \\\n",
    "            'OrbOcc', 'Mass']\n",
    "\n",
    "dict_eeg_channels =  {ch_names[i]: ch_types[i] for i in range(len(ch_types))}\n",
    "\n",
    "dict_ch_pos = {'Fp1' : [-26.81, 84.06, -10.56],\n",
    "               'Fp2' : [29.41, 83.74, -10.04],\n",
    "               'F7'  : [-66.99, 41.69, -15.96],\n",
    "               'F3'  : [-48.05, 51.87, 39.87],\n",
    "               'Fz'  : [0.90, 57.01, 66.36],\n",
    "               'F4'  : [50.38, 51.84, 41.33],\n",
    "               'F8'  : [68.71, 41.16, -15.31],\n",
    "               'FC3' : [-58.83, 21.02, 54.82],\n",
    "               'FCz' : [0.57, 24.63, 87.63],\n",
    "               'FC4' : [60.29, 21.16, 55.58], \n",
    "               'T7'  : [-83.36, -16.52, -12.65], \n",
    "               'C3'  : [-65.57, -13.25, 64.98],\n",
    "               'Cz'  : [0.23, -11.28, 99.81],\n",
    "               'C4'  : [66.50, -12.80, 65.11],\n",
    "               'T8'  : [84.44, -16.65, -11.79], \n",
    "               'CP3' : [-65.51, -48.48, 68.57],\n",
    "               'CPz' : [-0.42, -48.77, 98.37], \n",
    "               'CP4' : [65.03, -48.35, 68.57], \n",
    "               'P7': [-71.46, -75.17, -3.70], \n",
    "               'P3'  : [-55.07, -80.11, 59.44], \n",
    "               'Pz'  : [-0.87, -82.23, 82.43],\n",
    "               'P4'  : [53.51, -80.13, 59.40], \n",
    "               'P8' : [71.10, -75.17, -3.69], \n",
    "               'O1'  : [-28.98, -114.52, 9.67],  \n",
    "               'Oz'  : [-1.41, -117.79, 15.84],\n",
    "               'O2'  : [26.89, -114.68, 9.45]\n",
    "              }\n",
    "\n",
    "dict_ch_pos_m = {'Fp1' : [-0.2681, 0.8406, -0.1056],\n",
    "               'Fp2' : [0.2941, 0.8374, -0.1004],\n",
    "               'F7'  : [-0.6699, 0.4169, -0.1596],\n",
    "               'F3'  : [-0.4805, 0.5187, 0.3987],\n",
    "               'Fz'  : [0.0090, 0.5701, 0.6636],\n",
    "               'F4'  : [0.5038, 0.5184, 0.4133],\n",
    "               'F8'  : [0.6871, 0.4116, -0.1531],\n",
    "               'FC3' : [-0.5883, 0.2102, 0.5482],\n",
    "               'FCz' : [0.0057, 0.2463, 0.8763],\n",
    "               'FC4' : [0.6029, 0.2116, 0.5558], \n",
    "               'T7'  : [-0.8336, -0.1652, -0.1265], \n",
    "               'C3'  : [-0.6557, -0.1325, 0.6498],\n",
    "               'Cz'  : [0.0023, -0.1128, 0.9981],\n",
    "               'C4'  : [0.6650, -0.1280, 0.6511],\n",
    "               'T8'  : [0.8444, -0.1665, -0.1179], \n",
    "               'CP3' : [-0.6551, -0.4848, 0.6857],\n",
    "               'CPz' : [-0.042, -0.4877, 0.9837], \n",
    "               'CP4' : [0.6503, -0.4835, 0.6857], \n",
    "               'P7'  : [-0.7146, -0.7517, -0.0370], \n",
    "               'P3'  : [-0.5507, -0.8011, 0.5944], \n",
    "               'Pz'  : [-0.0087, -0.8223, 0.8243],\n",
    "               'P4'  : [0.5351, -0.8013, 0.5940], \n",
    "               'P8'  : [0.7110, -0.7517, -0.0369], \n",
    "               'O1'  : [-0.2898, -1.1452, 0.0967],  \n",
    "               'Oz'  : [-0.0141, -1.1779, 0.1584],\n",
    "               'O2'  : [0.2689, -1.1468, 0.0945]\n",
    "              }\n",
    "\n",
    "dict_ch_pos_array = {'Fp1' : np.array([-0.02681, 0.08406, -0.01056]),\n",
    "               'Fp2' : np.array([0.02941, 0.08374, -0.01004]),\n",
    "               'F7'  : np.array([-0.06699, 0.04169, -0.01596]),\n",
    "               'F3'  : np.array([-0.04805, 0.05187, 0.03987]),\n",
    "               'Fz'  : np.array([0.00090, 0.05701, 0.06636]),\n",
    "               'F4'  : np.array([0.05038, 0.05184, 0.04133]),\n",
    "               'F8'  : np.array([0.06871, 0.04116, -0.01531]),\n",
    "               'FC3' : np.array([-0.05883, 0.02102, 0.05482]),\n",
    "               'FCz' : np.array([0.00057, 0.02463, 0.08763]),\n",
    "               'FC4' : np.array([0.06029, 0.02116, 0.05558]), \n",
    "               'T7'  : np.array([-0.08336, -0.01652, -0.01265]), \n",
    "               'C3'  : np.array([-0.06557, -0.01325, 0.06498]),\n",
    "               'Cz'  : np.array([0.000023, -0.01128, 0.09981]),\n",
    "               'C4'  : np.array([0.06650, -0.01280, 0.06511]),\n",
    "               'T8'  : np.array([0.08444, -0.01665, -0.01179]), \n",
    "               'CP3' : np.array([-0.06551, -0.04848, 0.06857]),\n",
    "               'CPz' : np.array([-0.0042, -0.04877, 0.09837]), \n",
    "               'CP4' : np.array([0.06503, -0.04835, 0.06857]), \n",
    "               'P7'  : np.array([-0.07146, -0.07517, -0.00370]), \n",
    "               'P3'  : np.array([-0.05507, -0.08011, 0.05944]), \n",
    "               'Pz'  : np.array([-0.00087, -0.08223, 0.08243]),\n",
    "               'P4'  : np.array([0.05351, -0.08013, 0.05940]), \n",
    "               'P8'  : np.array([0.07110, -0.07517, -0.00369]), \n",
    "               'O1'  : np.array([-0.02898, -0.11452, 0.00967]),  \n",
    "               'Oz'  : np.array([-0.00141, -0.11779, 0.01584]),\n",
    "               'O2'  : np.array([0.02689, -0.11468, 0.00945])\n",
    "              }\n",
    "\n",
    "\n",
    "# channel groupings (left/mid/right)\n",
    "l_frontal = ['F3', 'FC3']\n",
    "m_frontal = ['Fz', 'FCz']\n",
    "r_frontal = ['F4', 'FC4']\n",
    "l_central = ['C3', 'CP3']\n",
    "m_central = ['Cz', 'CPz']\n",
    "r_central = ['C4', 'CP4']\n",
    "l_posterior = ['P3', 'O1'] \n",
    "m_posterior = ['Pz', 'Oz'] \n",
    "r_posterior = ['P4', 'O2'] \n",
    "channel_groups = {\n",
    "    'l_frontal': l_frontal,\n",
    "    'm_frontal': m_frontal,\n",
    "    'r_frontal': r_frontal,\n",
    "    'l_central': l_central,\n",
    "    'm_central': m_central,\n",
    "    'r_central': r_central,\n",
    "    'l_posterior': l_posterior,\n",
    "    'm_posterior': m_posterior,\n",
    "    'r_posterior': r_posterior\n",
    "}\n",
    "\n",
    "## Create montage\n",
    "montage = mne.channels.make_dig_montage(ch_pos = dict_ch_pos_array, coord_frame = 'head')\n",
    "\n",
    "# Create info object for MNE\n",
    "info = mne.create_info(ch_names=ch_names, ch_types=ch_types, sfreq=500)\n",
    "info.set_montage(montage=montage, on_missing= 'raise')\n",
    "print(info)"
   ]
  },
  {
   "cell_type": "markdown",
   "metadata": {},
   "source": [
    "### Extract functional connectivity features and store as .pkl file per EEG recording"
   ]
  },
  {
   "cell_type": "code",
   "execution_count": 5,
   "metadata": {
    "metadata": {}
   },
   "outputs": [],
   "source": [
    "# define all functions for synchrony computation\n",
    "\n",
    "freq_bands = {\n",
    "    \"delta\": [1, 4],\n",
    "    \"theta\": [4, 8],\n",
    "    \"alpha\": [8, 13],\n",
    "    \"beta\":  [13, 30],\n",
    "    \"gamma\": [30, 45] # TDBRAIN data could go up to ~100 Hz\n",
    "    }\n",
    "\n",
    "band_list = list(freq_bands.keys())\n",
    "\n",
    "# function to filter signal\n",
    "def filtered(signal, band, sfreq=500):\n",
    "  l_freq = freq_bands[band][0]\n",
    "  h_freq = freq_bands[band][1]\n",
    "  filtered_signal = filter_data(data=signal, sfreq=sfreq, l_freq=l_freq, h_freq=h_freq, verbose=False, filter_length=\"auto\")\n",
    "  return filtered_signal\n",
    "\n",
    "# function to find the difference between two angles (phase synchrony)\n",
    "def diff_ang(theta1, theta2, full_p=2*np.pi, abso=True):\n",
    "  half_p = 0.5 * full_p\n",
    "  fmod1 = np.fmod(theta2 - theta1 + half_p, full_p)\n",
    "  fmod2 = np.fmod(fmod1 + full_p, full_p) - half_p\n",
    "  if abso==True:\n",
    "    return abs(fmod2) #abs(np.fmod(np.fmod(theta2 - theta1 + half_p, full_p) + full_p, full_p) - half_p)\n",
    "  else:\n",
    "    return fmod2\n",
    "\n",
    "# function to hilbert transform and create phase matrix\n",
    "def hilbert_transform(band_signals, trim=False):\n",
    "  signal_num = len(band_signals)\n",
    "  samples = band_signals[0].shape[0]\n",
    "  #envelope_mat = np.zeros((signal_num, samples))\n",
    "  phase_mat = np.zeros((signal_num, samples)) # [n_channels, samples]\n",
    "\n",
    "  for i, filtered_signal in enumerate(band_signals):\n",
    "    analytic_signal = hilbert(filtered_signal)\n",
    "    #envelope = np.abs(analytic_signal)\n",
    "    inst_phase = np.angle(analytic_signal)\n",
    "\n",
    "    #envelope_mat[i,:] = envelope\n",
    "    phase_mat[i,:] = inst_phase\n",
    "\n",
    "  if trim != False:\n",
    "    #envelope_mat = envelope_mat[:,trim:(samples-trim)]\n",
    "    phase_mat = phase_mat[:,trim:(samples-trim)]\n",
    "  \n",
    "  # print(f'{signal_num = }')\n",
    "  # print(f'{samples = }')\n",
    "  # # print(f'{analytic_signal = }')\n",
    "  # print(f'{analytic_signal.shape = }')\n",
    "  # # print(f'{inst_phase = }')\n",
    "  # print(f'{inst_phase.shape = }')\n",
    "  # print(f'{phase_mat.shape = }')\n",
    "\n",
    "  return phase_mat #, envelope_mat\n",
    "\n",
    "# function to calculate synchrony\n",
    "def calculate_syncro(phase_mat):\n",
    "  max_diff = np.pi * phase_mat.shape[1]\n",
    "  size = phase_mat.shape[0]\n",
    "  syncro_mat = np.zeros((size,size))\n",
    "  for i, j in combs_without(range(size), 2):\n",
    "        signal1 = phase_mat[i,:]\n",
    "        signal2 = phase_mat[j,:]\n",
    "        value = 1 - (diff_ang(signal1,signal2).sum()/max_diff)\n",
    "        syncro_mat[i,j] = value\n",
    "        syncro_mat[j,i] = value\n",
    "  #eigen = np.diag(np.linalg.eigh(syncro_mat)[1])\n",
    "  return syncro_mat #, eigen\n",
    "\n",
    "# function to select the signals of the relevant channels per epoch \n",
    "def eeg_pre(epochs, epoch, num_channels=26):\n",
    "    eeg_signals = []\n",
    "    for channel in range(num_channels):\n",
    "      signal = epochs[epoch][channel]\n",
    "      eeg_signals.append(np.hstack(signal))\n",
    "    return np.asarray(eeg_signals)\n",
    "\n",
    "def stc_pre(epoch_data, labels):\n",
    "    stc_signals = []\n",
    "    for label in labels:\n",
    "        if not label.name.startswith(\"unknown\"):#'Background'):\n",
    "            try:\n",
    "              label_data = epoch_data.in_label(label).data\n",
    "              stc_signals.append(label_data.mean(axis=0))\n",
    "            except:\n",
    "              pass\n",
    "    return np.asarray(stc_signals)\n"
   ]
  },
  {
   "cell_type": "code",
   "execution_count": 6,
   "metadata": {
    "metadata": {}
   },
   "outputs": [],
   "source": [
    "from copy import deepcopy\n",
    "\n",
    "markers_list1 = [\"phases_eeg\", \"phases_stc\"]\n",
    "markers_list2 = [\"syncros_eeg\", \"syncros_stc\"]\n",
    "\n",
    "band_dict = {band:[] for band in deepcopy(band_list)}\n",
    "\n",
    "subject_dict1 = {marker:deepcopy(band_dict) for marker in deepcopy(markers_list1)}\n",
    "subject_dict2 = {marker:deepcopy(band_dict) for marker in deepcopy(markers_list2)}"
   ]
  },
  {
   "cell_type": "code",
   "execution_count": 7,
   "metadata": {
    "metadata": {}
   },
   "outputs": [],
   "source": [
    "# function to aggregate synchrony values over channel groups\n",
    "def aggregate_syncro(syncro_mat, channel_groups):\n",
    "    n_channel_groups = len(channel_groups)\n",
    "    syncro_agg = np.empty((n_channel_groups, n_channel_groups))\n",
    "    \n",
    "    for i, group_channels_i in enumerate(channel_groups.values()):\n",
    "        for j, group_channels_j in enumerate(channel_groups.values()):\n",
    "            group_indices_i = [ch_names.index(ch) for ch in group_channels_i]\n",
    "            group_indices_j = [ch_names.index(ch) for ch in group_channels_j]\n",
    "            syncro_agg[i, j] = syncro_mat[np.ix_(group_indices_i, group_indices_j)].mean()\n",
    "            print(group_indices_i)\n",
    "            print(group_indices_j)\n",
    "            print(syncro_mat[np.ix_(group_indices_i, group_indices_j)])\n",
    "            print(syncro_mat[np.ix_(group_indices_i, group_indices_j)].mean())\n",
    "            print()\n",
    "    \n",
    "    np.fill_diagonal(syncro_agg, 0)  # set the diagonal to zero\n",
    "    \n",
    "    return syncro_agg"
   ]
  },
  {
   "cell_type": "code",
   "execution_count": 8,
   "metadata": {
    "metadata": {}
   },
   "outputs": [],
   "source": [
    "# function for feature extraction pipeline (changed from Federico's code for the TDBRAIN data)\n",
    "def do_the_math(file_name):\n",
    " \n",
    "    # needs specific info object, because has one less channel\n",
    "    info = mne.create_info(ch_names=ch_names[:32], ch_types=ch_types[:32], sfreq=500)\n",
    "    info.set_montage(montage=montage, on_missing= 'raise')\n",
    "\n",
    "    preprocessed_eeg = np.load(file_name, allow_pickle = True)\n",
    "    raw = mne.io.RawArray(np.squeeze(preprocessed_eeg['data']), info)\n",
    "\n",
    "    # epoch the data\n",
    "    epochs = mne.make_fixed_length_epochs(raw, duration = 9.95, overlap = 0)\n",
    "\n",
    "\n",
    "    epochs_data = epochs.get_data()[:, :26, :] # select only the EEG channels\n",
    "    (num_epochs, num_channels, num_samples) = epochs_data.shape\n",
    "\n",
    "    fname = file_name[file_name.rfind(\"\\\\\")+1:]\n",
    "    subject_id = str(fname.split('_')[0])\n",
    "    if 'EC' in fname:\n",
    "        condition = \"EC\"\n",
    "    if 'EO' in fname:\n",
    "        condition = \"EO\"\n",
    "\n",
    "    output_folder = f\"D:\\Documents\\RU\\Master_Neurobiology\\Internship_jaar_2\\Project\\TD-BRAIN\\TD-BRAIN_extracted_features\\connectivity_features/{subject_id}/\"\n",
    "    os.makedirs(output_folder, exist_ok=True)\n",
    "\n",
    "    subject_data1 = deepcopy(subject_dict1)\n",
    "    subject_data2 = deepcopy(subject_dict2)\n",
    "\n",
    "    # calculate synchrony per band per channel group\n",
    "    for band in band_list:\n",
    "        for epoch in range(num_epochs):\n",
    "            signals_eeg = eeg_pre(epochs_data, epoch, num_channels=26)\n",
    "            filtered_eeg = filtered(signals_eeg, band)\n",
    "            phases_eeg = hilbert_transform(filtered_eeg, trim=100)\n",
    "            syncro_eeg = calculate_syncro(phases_eeg)\n",
    "            syncro_grouped = aggregate_syncro(syncro_eeg, channel_groups)\n",
    "\n",
    "            subject_data2[\"syncros_eeg\"][band].append(syncro_grouped)\n",
    "\n",
    "    # save feature as pickle file\n",
    "    save_file(subject_data2, output_folder, f\"syncro_{subject_id}_{condition}\")\n"
   ]
  },
  {
   "cell_type": "code",
   "execution_count": 9,
   "metadata": {},
   "outputs": [
    {
     "name": "stderr",
     "output_type": "stream",
     "text": [
      "100%|██████████| 1314/1314 [1:28:06<00:00,  4.02s/it]\n"
     ]
    }
   ],
   "source": [
    "# calculate connectivity features for each file with parallel processing\n",
    "from joblib import Parallel, delayed # parallel processing\n",
    "\n",
    "# directory containing preprocessed EEG data\n",
    "eeg_dir = \"D:\\Documents\\RU\\Master_Neurobiology\\Internship_jaar_2\\Project\\TD-BRAIN\\TDBRAIN-dataset-derivatives\\derivatives\\preprocessed\"\n",
    "\n",
    "sample_ids = df_participants['participants_ID'].tolist() # list of participants to include\n",
    "# sample_ids = ['sub-87966293', 'sub-87966337'] # for testing\n",
    "\n",
    "\n",
    "def process_file(filepath):\n",
    "    do_the_math(filepath)\n",
    "    return 1\n",
    "\n",
    "# obtain filepaths to all EEG files\n",
    "filepaths = []\n",
    "for subdir, dirs, files in os.walk(eeg_dir): # iterate through all files\n",
    "    for file in files:\n",
    "        if any(sample_id in file for sample_id in sample_ids): # filter participants to include\n",
    "            if 'ses-1' in file and '.npy' in file and 'BAD' not in file: # filter first session, .npy files, and non-bad files\n",
    "                filepath = os.path.join(subdir, file) # path to eeg file\n",
    "                filepaths.append(filepath)\n",
    "\n",
    "results = Parallel(n_jobs=-1)(delayed(process_file)(filepath) for filepath in tqdm(filepaths))"
   ]
  },
  {
   "cell_type": "code",
   "execution_count": 10,
   "metadata": {
    "metadata": {}
   },
   "outputs": [
    {
     "data": {
      "text/plain": [
       "[array([[0.        , 0.8503579 , 0.78608274, 0.78722656, 0.78208813,\n",
       "         0.77757915, 0.65855471, 0.62766359, 0.63832266],\n",
       "        [0.8503579 , 0.        , 0.81392287, 0.75859103, 0.8195816 ,\n",
       "         0.81499485, 0.65975911, 0.66207855, 0.68053983],\n",
       "        [0.78608274, 0.81392287, 0.        , 0.69371829, 0.75973158,\n",
       "         0.78951994, 0.61183203, 0.6215903 , 0.64104392],\n",
       "        [0.78722656, 0.75859103, 0.69371829, 0.        , 0.82299453,\n",
       "         0.75899395, 0.79554955, 0.73602415, 0.7160771 ],\n",
       "        [0.78208813, 0.8195816 , 0.75973158, 0.82299453, 0.        ,\n",
       "         0.86111742, 0.77604269, 0.79159384, 0.78972517],\n",
       "        [0.77757915, 0.81499485, 0.78951994, 0.75899395, 0.86111742,\n",
       "         0.        , 0.72073683, 0.7409888 , 0.77464917],\n",
       "        [0.65855471, 0.65975911, 0.61183203, 0.79554955, 0.77604269,\n",
       "         0.72073683, 0.        , 0.79952098, 0.77205017],\n",
       "        [0.62766359, 0.66207855, 0.6215903 , 0.73602415, 0.79159384,\n",
       "         0.7409888 , 0.79952098, 0.        , 0.83958761],\n",
       "        [0.63832266, 0.68053983, 0.64104392, 0.7160771 , 0.78972517,\n",
       "         0.77464917, 0.77205017, 0.83958761, 0.        ]]),\n",
       " array([[0.        , 0.81950339, 0.73371533, 0.75414869, 0.72807315,\n",
       "         0.72251044, 0.63452887, 0.59355588, 0.60076594],\n",
       "        [0.81950339, 0.        , 0.78849698, 0.75656779, 0.79441153,\n",
       "         0.76558796, 0.66461396, 0.64743751, 0.65725284],\n",
       "        [0.73371533, 0.78849698, 0.        , 0.68328247, 0.7268858 ,\n",
       "         0.74554235, 0.61123988, 0.61924449, 0.63048596],\n",
       "        [0.75414869, 0.75656779, 0.68328247, 0.        , 0.82694139,\n",
       "         0.73227493, 0.79782133, 0.74885969, 0.72917234],\n",
       "        [0.72807315, 0.79441153, 0.7268858 , 0.82694139, 0.        ,\n",
       "         0.83453526, 0.78404275, 0.80236311, 0.80616625],\n",
       "        [0.72251044, 0.76558796, 0.74554235, 0.73227493, 0.83453526,\n",
       "         0.        , 0.67951244, 0.70161866, 0.75213901],\n",
       "        [0.63452887, 0.66461396, 0.61123988, 0.79782133, 0.78404275,\n",
       "         0.67951244, 0.        , 0.80957503, 0.77968934],\n",
       "        [0.59355588, 0.64743751, 0.61924449, 0.74885969, 0.80236311,\n",
       "         0.70161866, 0.80957503, 0.        , 0.84825199],\n",
       "        [0.60076594, 0.65725284, 0.63048596, 0.72917234, 0.80616625,\n",
       "         0.75213901, 0.77968934, 0.84825199, 0.        ]]),\n",
       " array([[0.        , 0.83577379, 0.77561922, 0.75774486, 0.71723244,\n",
       "         0.72763091, 0.57987665, 0.59097333, 0.59713641],\n",
       "        [0.83577379, 0.        , 0.81351823, 0.76526491, 0.80635278,\n",
       "         0.79423479, 0.60816916, 0.64139001, 0.65910482],\n",
       "        [0.77561922, 0.81351823, 0.        , 0.69638239, 0.75121847,\n",
       "         0.78861325, 0.5749141 , 0.61078624, 0.64384264],\n",
       "        [0.75774486, 0.76526491, 0.69638239, 0.        , 0.81247155,\n",
       "         0.74590894, 0.74359285, 0.69705954, 0.68738783],\n",
       "        [0.71723244, 0.80635278, 0.75121847, 0.81247155, 0.        ,\n",
       "         0.83906681, 0.70490065, 0.76320061, 0.77498368],\n",
       "        [0.72763091, 0.79423479, 0.78861325, 0.74590894, 0.83906681,\n",
       "         0.        , 0.65051137, 0.71286969, 0.75449841],\n",
       "        [0.57987665, 0.60816916, 0.5749141 , 0.74359285, 0.70490065,\n",
       "         0.65051137, 0.        , 0.75610564, 0.72187039],\n",
       "        [0.59097333, 0.64139001, 0.61078624, 0.69705954, 0.76320061,\n",
       "         0.71286969, 0.75610564, 0.        , 0.8320021 ],\n",
       "        [0.59713641, 0.65910482, 0.64384264, 0.68738783, 0.77498368,\n",
       "         0.75449841, 0.72187039, 0.8320021 , 0.        ]]),\n",
       " array([[0.        , 0.82856669, 0.77176907, 0.7376292 , 0.72791226,\n",
       "         0.67389939, 0.54898945, 0.58470277, 0.56827174],\n",
       "        [0.82856669, 0.        , 0.82713101, 0.69351822, 0.8034725 ,\n",
       "         0.75037068, 0.54542168, 0.61784725, 0.61984969],\n",
       "        [0.77176907, 0.82713101, 0.        , 0.63134697, 0.73966105,\n",
       "         0.7550129 , 0.49193139, 0.57327165, 0.58909877],\n",
       "        [0.7376292 , 0.69351822, 0.63134697, 0.        , 0.76259629,\n",
       "         0.64566756, 0.72376696, 0.70385093, 0.64299445],\n",
       "        [0.72791226, 0.8034725 , 0.73966105, 0.76259629, 0.        ,\n",
       "         0.79606246, 0.66600326, 0.74640263, 0.71912563],\n",
       "        [0.67389939, 0.75037068, 0.7550129 , 0.64566756, 0.79606246,\n",
       "         0.        , 0.56972728, 0.67375507, 0.71624702],\n",
       "        [0.54898945, 0.54542168, 0.49193139, 0.72376696, 0.66600326,\n",
       "         0.56972728, 0.        , 0.76334678, 0.70023943],\n",
       "        [0.58470277, 0.61784725, 0.57327165, 0.70385093, 0.74640263,\n",
       "         0.67375507, 0.76334678, 0.        , 0.80457341],\n",
       "        [0.56827174, 0.61984969, 0.58909877, 0.64299445, 0.71912563,\n",
       "         0.71624702, 0.70023943, 0.80457341, 0.        ]]),\n",
       " array([[0.        , 0.84378659, 0.77246831, 0.79495848, 0.80040324,\n",
       "         0.75588064, 0.65202668, 0.6606472 , 0.64528418],\n",
       "        [0.84378659, 0.        , 0.80214421, 0.7612321 , 0.82752415,\n",
       "         0.79314242, 0.63311725, 0.65202974, 0.65028374],\n",
       "        [0.77246831, 0.80214421, 0.        , 0.69558388, 0.73913641,\n",
       "         0.76951544, 0.599798  , 0.61255031, 0.61878591],\n",
       "        [0.79495848, 0.7612321 , 0.69558388, 0.        , 0.83912681,\n",
       "         0.73966098, 0.77516393, 0.75858332, 0.72833771],\n",
       "        [0.80040324, 0.82752415, 0.73913641, 0.83912681, 0.        ,\n",
       "         0.83855944, 0.74434437, 0.78025945, 0.77244091],\n",
       "        [0.75588064, 0.79314242, 0.76951544, 0.73966098, 0.83855944,\n",
       "         0.        , 0.67143649, 0.70870301, 0.75199963],\n",
       "        [0.65202668, 0.63311725, 0.599798  , 0.77516393, 0.74434437,\n",
       "         0.67143649, 0.        , 0.78931591, 0.75521708],\n",
       "        [0.6606472 , 0.65202974, 0.61255031, 0.75858332, 0.78025945,\n",
       "         0.70870301, 0.78931591, 0.        , 0.82748967],\n",
       "        [0.64528418, 0.65028374, 0.61878591, 0.72833771, 0.77244091,\n",
       "         0.75199963, 0.75521708, 0.82748967, 0.        ]]),\n",
       " array([[0.        , 0.8697202 , 0.76996431, 0.78280716, 0.75169657,\n",
       "         0.73376198, 0.58187559, 0.53986148, 0.54351647],\n",
       "        [0.8697202 , 0.        , 0.8206954 , 0.75873654, 0.80300915,\n",
       "         0.80489749, 0.60154867, 0.58524533, 0.6057584 ],\n",
       "        [0.76996431, 0.8206954 , 0.        , 0.70895664, 0.76053247,\n",
       "         0.7969607 , 0.5537332 , 0.56106665, 0.59452851],\n",
       "        [0.78280716, 0.75873654, 0.70895664, 0.        , 0.84177325,\n",
       "         0.77590946, 0.734327  , 0.67981143, 0.66726908],\n",
       "        [0.75169657, 0.80300915, 0.76053247, 0.84177325, 0.        ,\n",
       "         0.85786026, 0.72945104, 0.7344637 , 0.73853062],\n",
       "        [0.73376198, 0.80489749, 0.7969607 , 0.77590946, 0.85786026,\n",
       "         0.        , 0.66529685, 0.69956267, 0.74220229],\n",
       "        [0.58187559, 0.60154867, 0.5537332 , 0.734327  , 0.72945104,\n",
       "         0.66529685, 0.        , 0.76718341, 0.73389217],\n",
       "        [0.53986148, 0.58524533, 0.56106665, 0.67981143, 0.7344637 ,\n",
       "         0.69956267, 0.76718341, 0.        , 0.81210737],\n",
       "        [0.54351647, 0.6057584 , 0.59452851, 0.66726908, 0.73853062,\n",
       "         0.74220229, 0.73389217, 0.81210737, 0.        ]]),\n",
       " array([[0.        , 0.83405872, 0.73065308, 0.75296094, 0.69308693,\n",
       "         0.70110696, 0.59103134, 0.54544636, 0.55308124],\n",
       "        [0.83405872, 0.        , 0.80974635, 0.75060238, 0.75772265,\n",
       "         0.76625409, 0.60645141, 0.58210032, 0.59417207],\n",
       "        [0.73065308, 0.80974635, 0.        , 0.65783582, 0.69902403,\n",
       "         0.77701544, 0.53563639, 0.54357037, 0.57622538],\n",
       "        [0.75296094, 0.75060238, 0.65783582, 0.        , 0.81257065,\n",
       "         0.728515  , 0.78616123, 0.72452522, 0.70552132],\n",
       "        [0.69308693, 0.75772265, 0.69902403, 0.81257065, 0.        ,\n",
       "         0.81218354, 0.75900998, 0.7784129 , 0.77252689],\n",
       "        [0.70110696, 0.76625409, 0.77701544, 0.728515  , 0.81218354,\n",
       "         0.        , 0.66127645, 0.69505667, 0.73132307],\n",
       "        [0.59103134, 0.60645141, 0.53563639, 0.78616123, 0.75900998,\n",
       "         0.66127645, 0.        , 0.82316486, 0.78256046],\n",
       "        [0.54544636, 0.58210032, 0.54357037, 0.72452522, 0.7784129 ,\n",
       "         0.69505667, 0.82316486, 0.        , 0.8539863 ],\n",
       "        [0.55308124, 0.59417207, 0.57622538, 0.70552132, 0.77252689,\n",
       "         0.73132307, 0.78256046, 0.8539863 , 0.        ]]),\n",
       " array([[0.        , 0.85200718, 0.76646169, 0.74540389, 0.7536954 ,\n",
       "         0.75355792, 0.61956689, 0.63330346, 0.63476518],\n",
       "        [0.85200718, 0.        , 0.81056036, 0.72532543, 0.77970093,\n",
       "         0.78230305, 0.60858145, 0.64303266, 0.64733855],\n",
       "        [0.76646169, 0.81056036, 0.        , 0.69472408, 0.73662662,\n",
       "         0.76455148, 0.58043317, 0.60673335, 0.61740698],\n",
       "        [0.74540389, 0.72532543, 0.69472408, 0.        , 0.83043027,\n",
       "         0.77183482, 0.77636348, 0.73479149, 0.72403039],\n",
       "        [0.7536954 , 0.77970093, 0.73662662, 0.83043027, 0.        ,\n",
       "         0.83306657, 0.75150441, 0.80314791, 0.78361373],\n",
       "        [0.75355792, 0.78230305, 0.76455148, 0.77183482, 0.83306657,\n",
       "         0.        , 0.69175822, 0.72344012, 0.76493702],\n",
       "        [0.61956689, 0.60858145, 0.58043317, 0.77636348, 0.75150441,\n",
       "         0.69175822, 0.        , 0.79603067, 0.77168675],\n",
       "        [0.63330346, 0.64303266, 0.60673335, 0.73479149, 0.80314791,\n",
       "         0.72344012, 0.79603067, 0.        , 0.85001771],\n",
       "        [0.63476518, 0.64733855, 0.61740698, 0.72403039, 0.78361373,\n",
       "         0.76493702, 0.77168675, 0.85001771, 0.        ]]),\n",
       " array([[0.        , 0.85879153, 0.78043535, 0.77569769, 0.77006906,\n",
       "         0.72535971, 0.56254778, 0.57440279, 0.58325342],\n",
       "        [0.85879153, 0.        , 0.82068515, 0.78202813, 0.83062352,\n",
       "         0.78327662, 0.58085094, 0.61061174, 0.6250606 ],\n",
       "        [0.78043535, 0.82068515, 0.        , 0.71250418, 0.77416812,\n",
       "         0.78396544, 0.5432907 , 0.58839322, 0.61468227],\n",
       "        [0.77569769, 0.78202813, 0.71250418, 0.        , 0.82182971,\n",
       "         0.73598195, 0.72643252, 0.70402499, 0.68734683],\n",
       "        [0.77006906, 0.83062352, 0.77416812, 0.82182971, 0.        ,\n",
       "         0.83960751, 0.6789813 , 0.74617545, 0.75169695],\n",
       "        [0.72535971, 0.78327662, 0.78396544, 0.73598195, 0.83960751,\n",
       "         0.        , 0.62634699, 0.7016333 , 0.75763589],\n",
       "        [0.56254778, 0.58085094, 0.5432907 , 0.72643252, 0.6789813 ,\n",
       "         0.62634699, 0.        , 0.76670313, 0.73033395],\n",
       "        [0.57440279, 0.61061174, 0.58839322, 0.70402499, 0.74617545,\n",
       "         0.7016333 , 0.76670313, 0.        , 0.81342133],\n",
       "        [0.58325342, 0.6250606 , 0.61468227, 0.68734683, 0.75169695,\n",
       "         0.75763589, 0.73033395, 0.81342133, 0.        ]]),\n",
       " array([[0.        , 0.88904839, 0.8186094 , 0.80242127, 0.80521207,\n",
       "         0.79296052, 0.6453554 , 0.65004521, 0.64670745],\n",
       "        [0.88904839, 0.        , 0.8636102 , 0.80069091, 0.84668271,\n",
       "         0.83292449, 0.65791557, 0.67984254, 0.67967592],\n",
       "        [0.8186094 , 0.8636102 , 0.        , 0.74327321, 0.80232766,\n",
       "         0.82083029, 0.62072172, 0.66897016, 0.67444135],\n",
       "        [0.80242127, 0.80069091, 0.74327321, 0.        , 0.84973727,\n",
       "         0.79248647, 0.77374512, 0.73852692, 0.72370489],\n",
       "        [0.80521207, 0.84668271, 0.80232766, 0.84973727, 0.        ,\n",
       "         0.88991175, 0.76616345, 0.80843773, 0.79980791],\n",
       "        [0.79296052, 0.83292449, 0.82083029, 0.79248647, 0.88991175,\n",
       "         0.        , 0.71620446, 0.77497009, 0.78396138],\n",
       "        [0.6453554 , 0.65791557, 0.62072172, 0.77374512, 0.76616345,\n",
       "         0.71620446, 0.        , 0.80551095, 0.7801037 ],\n",
       "        [0.65004521, 0.67984254, 0.66897016, 0.73852692, 0.80843773,\n",
       "         0.77497009, 0.80551095, 0.        , 0.86735485],\n",
       "        [0.64670745, 0.67967592, 0.67444135, 0.72370489, 0.79980791,\n",
       "         0.78396138, 0.7801037 , 0.86735485, 0.        ]]),\n",
       " array([[0.        , 0.84132185, 0.76781654, 0.786719  , 0.75142069,\n",
       "         0.73697605, 0.61349004, 0.57365416, 0.58928089],\n",
       "        [0.84132185, 0.        , 0.84833448, 0.74428618, 0.80047909,\n",
       "         0.79766416, 0.61039348, 0.58937181, 0.61829848],\n",
       "        [0.76781654, 0.84833448, 0.        , 0.69081474, 0.77182019,\n",
       "         0.82007789, 0.5981708 , 0.59685526, 0.63834079],\n",
       "        [0.786719  , 0.74428618, 0.69081474, 0.        , 0.79891518,\n",
       "         0.73293406, 0.73118898, 0.68775937, 0.67459383],\n",
       "        [0.75142069, 0.80047909, 0.77182019, 0.79891518, 0.        ,\n",
       "         0.84963614, 0.72983968, 0.74316094, 0.75246765],\n",
       "        [0.73697605, 0.79766416, 0.82007789, 0.73293406, 0.84963614,\n",
       "         0.        , 0.67622465, 0.68700242, 0.7371411 ],\n",
       "        [0.61349004, 0.61039348, 0.5981708 , 0.73118898, 0.72983968,\n",
       "         0.67622465, 0.        , 0.79844308, 0.76547575],\n",
       "        [0.57365416, 0.58937181, 0.59685526, 0.68775937, 0.74316094,\n",
       "         0.68700242, 0.79844308, 0.        , 0.82912418],\n",
       "        [0.58928089, 0.61829848, 0.63834079, 0.67459383, 0.75246765,\n",
       "         0.7371411 , 0.76547575, 0.82912418, 0.        ]]),\n",
       " array([[0.        , 0.85599193, 0.74900359, 0.83131115, 0.81495948,\n",
