batch_size: 850
dropout: 0.2532377504886759
fc_layers: 7
learning_rate: 2.8351247448816293e-05
optimizer_name: RMSprop
