batch_size: 510
dropout: 0.12245267416796006
edge_threshold: 0.7575571400876487
learning_rate: 0.0006242859250070882
optimizer_name: RMSprop
