batch_size: 850
dropout: 0.05066888473079148
edge_threshold: 0.6798223930859607
fc_layers: 3
learning_rate: 0.010054058167807403
optimizer_name: SGD
