batch_size: 340
dropout: 0.118091618308195
fc_layers: 3
learning_rate: 0.0003330862976586279
optimizer_name: SGD
