batch_size: 170
dropout: 0.491883119465696
edge_threshold: 0.8646462022716686
fc_layers: 5
learning_rate: 0.005193133600048374
optimizer_name: SGD
