batch_size: 510
dropout: 0.23748278915367405
fc_layers: 6
learning_rate: 0.00025437999522285833
optimizer_name: Adam
