batch_size: 170
dropout: 0.13512904206810725
learning_rate: 0.0017890504804672991
optimizer_name: RMSprop
