batch_size: 510
dropout: 0.07556209443203989
edge_threshold: 0.8266629052093692
fc_layers: 5
learning_rate: 0.02669066643467487
optimizer_name: SGD
